4.531356443372627 4.969233875061847
1.7127867449209933 8.189778703819455
13.465523562964108 3.0147616381946007
13.360425734126961 11.934922823647746
16.218297837112836 1.1750766848905614
14.862469796029691 1.6020751501289165
2.160453049779918 11.862027538535907
19.241068736321935 11.771460982584987
13.379793369917913 5.596928904866411
15.048038724753393 16.508624940638555
12.554984233970591 13.63268830240921
2.3592882773689583 19.72009136248885
12.432433613218972 16.959754982610484
15.363904093290913 4.8067611275871
1.7615182625103953 8.672910735616046
3.269910937178675 5.20541280423422
5.374174428708345 6.646311637998627
11.931915815235378 8.756737774841772
13.511716659284364 11.069252857637427
10.031345927251385 16.444119426978276
0.8832999568346644 13.05964396803358
3.359437761884161 1.1412190957539803
8.61493402794169 15.193472099419598
17.421672823644528 16.785461252938457
7.147455921341342 16.535829178939693
10.710450476732227 9.765111834943617
11.63244804280124 19.716486386434344
15.34613017728562 13.09279970154905
10.04173355349024 9.73121203850454
17.4725835234336 3.5240935191408007
6.025572783850137 15.773159454379815
14.584719215214545 12.223411308131878
5.437420254834191 13.857375014228781
7.120441915678473 18.92726227531025
13.370815709758867 15.23415750142076
11.129462272745057 3.962569772357689
13.732951345670124 3.7557392989351834
1.319118541222799 0.8948789476143149
19.339677412927948 0.9039573834006442
14.07272083543912 18.901157144698924
12.03684377415069 2.870558081051411
7.156583507001217 0.22052829080439817
19.83072448125361 8.513028883515673
15.527596995385899 14.994303368394888
18.98989299359306 14.329583210827339
11.937548506336404 6.0351769151507195
3.389899069219451 19.512002716039536
4.768664266322318 4.483236232552519
18.080102164130953 17.06914430232972
15.57360771051009 6.249725716366403
1.745 7.9
